180.7665655178505, 378.44640987898157
591.1940230993495, 561.6960208792573
99.72491980828217, 179.16862104528775
593.1735365918648, 29.440554389216533
282.10017540034016, 181.89605025571453
264.49873762880395, 23.546586396676137
89.10619586919606, 89.19490315980285
302.0538297831509, 662.553078236501
481.68643462126556, 250.7860149948897
610.7234151131719, 421.8131352798084
540.3579502260175, 201.88685805774452
128.30401535328087, 412.2581739976078
430.87091493055186, 331.8525969125504
252.39174277517117, 659.3359448530963
500.6434492421317, 276.44564647854304
671.5669994566166, 87.05079035634874
440.1635045671984, 225.0207190639114
575.5492330713735, 367.43281302184926
425.9255170023085, 418.82489524427285
186.4787806667897, 57.18056766718599
555.7789393288518, 306.7039695882193
607.1741265077943, 411.05240487635393
419.6377076850905, 212.2364041951416
461.47424183105744, 587.968556738782
697.6299164911602, 276.2113357720077
84.43122666963399, 259.5821511200679
633.5594671361266, 381.4705950094755
471.2311130685608, 401.8716119696033
267.97362984105104, 353.00991906380773
598.1735126687988, 428.8272679614581
132.30257337421546, 538.2109068123863
73.37813272590911, 516.7659232832816
180.85903027086047, 247.01400217320423
273.6294366525855, 175.4766952913145
667.4020146085116, 395.94431039803743
133.83776538365885, 523.0211547330417
523.0973747658143, 35.19538210020711
540.7573133819108, 315.3507288426811
143.10632268487902, 688.8704021225946
235.4602015586421, 574.4679927865457
325.198247626354, 653.9453131502808
113.9147281685672, 604.073291036803
149.3781673152682, 565.9008590270467
553.1268693429635, 82.30678704927574
545.9111860074189, 357.8243901354149
436.2026040676362, 359.09076334403323
247.90440093249853, 210.5179712856146
139.1752788546676, 618.9837840912916
590.381218177832, 119.16824129134285
457.7523940298947, 663.8384596821116
386.5726058488962, 517.4085336823897
260.90774559807835, 624.0359345600942
441.09414056890273, 366.43036370729834
318.97525186654474, 178.5278167501488
349.1702823167741, 314.7693101142127
303.90430757720526, 553.2153295677215
609.5979141896765, 97.50144335106096
468.59075576929155, 556.3125265636027
472.04217177533815, 510.88520456006086
93.39741987124893, 500.1785346232675
56.79096746360026, 681.1745632818437
684.2582601587463, 479.90635520727835
660.9337800182509, 563.1068277597116
58.08986235884469, 177.09846010129579
436.44924350186056, 428.0809695083121
168.08875746339112, 265.5593337306292
138.44961068700104, 495.43266040594204
611.458209701337, 132.04524545472398
407.33085837223234, 86.15511197062864
605.9291809814497, 412.68703410640154
109.53846922167342, 520.3957304261096
366.22998294769695, 60.09362208173888
457.25528710278326, 275.5908783853841
123.0108528027073, 355.12602102301264
289.4100516260723, 283.3357131146745
64.86672103374752, 101.573485934933
125.88796277967114, 162.80596452480347
462.62497424053817, 211.07352681037136
428.92766450097366, 525.9807836830728
49.11464812273968, 500.29848998517093
642.5936547425212, 188.22584307789853
641.3954702922772, 633.1167703629623
120.29073163938605, 199.66540760928729
15.106242466762648, 570.1111379658483
433.0905339344735, 663.176420303121
411.45440770685104, 334.43933498806854
105.88539088669896, 73.96827822895284
557.8779759084944, 430.90636233812955
165.1868848171696, 209.35904756934758
511.67209925913187, 296.4944715249035
434.1810410619749, 400.78664010677386
166.22387195658777, 606.340169744508
178.31580136589736, 425.39539669254253
53.155544503879234, 84.3263558054345
340.1440559920618, 562.990139471935
266.0873939068208, 622.2834542260237
690.5816564548239, 488.917613575292
177.93168486793274, 616.9521908578611
116.76441619259978, 614.5281445151367
130.210521189502, 50.08321693110316
308.1777462573594, 130.09673810738852
548.1557101506028, 595.2896077925794
470.9942424207856, 469.8569493633214
384.7879544261669, 52.675358026622426
45.42424743031419, 677.0754955259855
371.45818705086003, 147.78863071540516
189.4427913292045, 654.2931497803108
468.09631499059134, 672.9187113349357
70.1445130196675, 383.3232421034974
580.8498986771294, 335.09474678347533
583.0846794363754, 594.7844668051296
244.95390835543517, 691.804919054714
394.4248422100725, 235.19165795357148
168.504621963557, 546.4306645868545
73.89683944252391, 606.1503101040948
343.26145652853955, 35.277255203769414
477.0083164252653, 193.399976961927
269.8963192095824, 155.2061110858186
635.1135548618437, 347.3320945918591
432.48965947520236, 249.17661249917052
445.2956814165746, 187.11682022173056
104.60576538976535, 362.99194047513436
509.9285910902922, 656.2209569274312
565.0584231369496, 80.40389765316479
554.1667270305818, 521.6788025116979
437.6870215629662, 430.25262637274386
130.7048309247241, 66.67547287921204
42.237628432359905, 152.74627022726784
666.772260291474, 492.1099233524665
373.74935684823134, 413.5232016455105
200.15412014394184, 689.6149280923665
121.22324856043477, 650.2819032817488
28.56971125391049, 88.5394187417692
330.01314692118433, 446.33794928115043
27.582784682819643, 572.0788277687499
669.2178454370147, 102.59335196746338
414.9992360158544, 498.3905594588827
604.3323105417427, 312.4070395183236
225.43978765114846, 66.36534317976042
252.55902339239736, 311.68954965282774
301.4324645419202, 208.69431003537184
303.57576848883576, 30.205872876723745
302.41443633985864, 323.7328833621431
630.2927045231115, 604.0588941473072
544.8639057602222, 510.5550070262251
148.22652061633784, 102.23786752366489
666.319056588562, 141.5213452378391
320.4649089290774, 430.68037168284684
478.4157974128949, 578.6461023975257
659.7723987983786, 133.14993361834823
586.4542009901656, 37.993665668598524
36.608484066145124, 644.6634046112649
24.61869732426597, 596.1470370853878
158.3305273980167, 463.101349220747
602.8602850996243, 559.3074252028297
667.011982628177, 290.27143936012277
111.44033702926215, 498.66889123653135
681.7044753380753, 365.5111622505586
192.93325392351394, 58.04114413431587
166.25114821055735, 682.9120843159337
32.31062351604314, 336.98330827488184
228.57752448360412, 564.3099476605829
146.20836499735074, 594.746906590909
369.2110311416428, 214.73986649415173
681.358743337774, 521.2280731521573
281.963546609782, 319.70951319701214
227.83379441504056, 430.32340618210526
256.5176423755061, 238.72799042942916
195.98577683099137, 433.4734891268937
572.7270354403631, 172.40751716396946
645.0295646443182, 650.7342281392441
505.80412570945214, 637.8282450263912
290.7491185326683, 28.65017266897645
524.1086849622907, 210.7530698963593
538.4002517684371, 552.5631413881636
614.1892077867146, 261.2756923633833
314.6405622316362, 414.96441674532474
614.5753841992313, 699.5050767182464
506.6049099659137, 535.0024135230865
469.2221409206342, 524.1788231997007
598.0746782599412, 123.64404017914406
193.8173119521757, 405.10821056213877
37.49257222712967, 127.0742678601626
673.164814339291, 366.6842088121701
260.3348947443242, 37.71657361758259
578.6816743981553, 466.9312901830538
430.9211677150946, 409.59713379869265
198.6647276717264, 246.49940506434046
508.27521032715254, 449.9360276483559
301.5366248030763, 18.47864023468687
342.93296022698604, 102.81572274797318
226.02570537585052, 34.92616140679847
393.4929245367704, 372.5522266044212
261.2087057200349, 597.307158604977
311.0854635304216, 681.4016605836557
211.59409732284385, 522.3878643302721
520.3493406951206, 650.5419750511849
226.10604395693863, 143.3449766841317
412.29882337284346, 80.95921104193694
11.243610140950938, 609.1096376556322
128.89449015500918, 253.33993450046313
270.5850019256616, 111.17855657046796
190.8070809974635, 371.20318717593295
487.49457495012945, 145.22331066631332
384.0369018910009, 483.55370881179334
342.36462608055814, 249.74283073046215
448.07644749171783, 327.04455741488994
330.04577647742343, 510.21258862291694
219.04099543558993, 322.0804593283434
534.98632393298, 180.03535497145984
567.195153433651, 394.3238444610852
114.54233805836161, 490.65072813009266
462.8315798560815, 274.07506900266895
393.44638377323054, 210.83141547775162
673.8159659596364, 593.5422265971396
208.223572072642, 363.79343450338314
339.6048906837071, 490.87867411506954
638.9750472421842, 504.5986637665929
239.1814329949036, 488.7190126586147
431.6787139557856, 251.6346740503927
430.5824984393826, 146.33180854335387
537.1607309524247, 425.7757213526663
169.67028201680463, 389.1854689712193
20.230021608602772, 134.18058564729674
598.3729867792064, 324.9735908731735
75.38924822867467, 606.3550371871721
568.3167831578746, 192.1932547784043
164.99054242514188, 77.3580362069205
292.0922569946346, 598.393024764792
107.32645548952327, 202.34509845738808
301.925120791463, 639.8929319469455
143.3580183461116, 541.1938367343453
95.06438523648725, 685.8359436577472
77.33772949883159, 415.6242477624406
295.2344452423975, 45.373778416909204
592.2548080114104, 658.243647703573
372.220176461199, 295.642682459285
471.508783933573, 163.37203678608878
265.0749632110203, 141.69841513543005
454.55230561139257, 402.6842129174957
649.4752221465992, 492.1907802542913
659.169674522368, 365.4222223931055
195.42781702700714, 568.3239753456652
215.8497356042714, 295.4086886769197
288.57383972617475, 456.74575773595546
52.20467823950426, 554.8443752597789
313.7468973538283, 141.06726183094707
32.898505108241, 689.7881749849196
546.2281899045337, 544.8834171828081
165.16018787340562, 516.3534564470898
183.82024861614164, 258.55569508291535
419.8039154557857, 326.0681417149624
16.29424819813602, 502.3405431063645
78.92154565888814, 92.91649415060776
570.3592241282325, 357.3316492158292
85.59936513647867, 617.4896153157116
221.7594444240616, 13.598481963027218
484.14969052654874, 206.1422978926864
553.8421772926217, 639.6904538881317
270.35280353672255, 512.0944614066763
693.0854360504181, 427.2972150622112
161.18247506934418, 332.5580022950035
517.8236944234482, 351.29156074695317
502.7740833130806, 325.8561156485153
415.5404596912588, 665.2670120179789
652.9853414193452, 126.62787060767275
261.19657023750057, 296.1523734146853
381.02062083418735, 518.5098998726834
591.0212218647487, 509.90076614900556
651.126822291925, 25.574234922143035
654.4812381467608, 584.0971650029167
292.6986264210615, 237.14868437426753
77.39367421380025, 317.7125239001106
484.6179907509002, 680.4302124307707
628.9399238375237, 698.5479380404055
332.94988493033213, 488.219384251129
382.10433723324496, 445.10479641919585
113.60715993781145, 298.2414042789528
371.52285811488645, 349.59184703843187
77.67210208712861, 292.97760928749767
621.4383328619971, 17.65314596170701
663.3107983732297, 63.74034886273975
594.220016241421, 171.21383049028262
597.3373327083486, 79.0532345946178
65.72143055160252, 220.143414237799
537.2854795349687, 438.3130879884673
352.6471217520416, 285.1965273682093
393.9729571594613, 355.72117964323417
35.15441012176564, 690.6688102086646
73.22546591796, 563.860400872882
474.028206111952, 599.3769187685078
695.9315474566492, 183.46310677988313
631.9949506408083, 600.0420614159689
66.94211178223375, 509.5719448458452
96.70238608283023, 46.76271611751896
153.61501108578378, 150.02856280235278
87.15019673681162, 294.07396020941314
606.4138303380543, 678.2180538042936
650.016914467951, 348.6227059953602
69.02825881336382, 544.895220737719
514.8882588464054, 457.15328935973986
132.5699646337418, 332.1759947711125
477.5681091641064, 476.4435196563185
567.6507325759985, 606.1539307559473
375.80348077950583, 228.2094040111188
504.0618750677879, 238.71685985261897
181.85814580236854, 42.66505647548185
566.0317341005062, 93.77503623067585
344.8705036430839, 468.4211568674193
374.3279631173584, 449.0155895291613
226.66832225897556, 499.989161889853
124.9599909939635, 154.19691406473382
589.2387816028547, 326.69822705725903
427.52776302120856, 122.24810657306065
428.75003454604496, 693.9043131489453
225.60351801024794, 146.2702253135913
406.7532536857265, 683.4187575971969
370.85536909661784, 317.25111335228127
318.4148673232394, 438.8108499959853
540.1511517046448, 540.5395896849999
378.43684263980975, 253.61987041603655
473.8665653092847, 693.7096336747148
613.6171252491833, 71.56251818216661
114.48965373932755, 241.5626831667691
207.86366403688643, 43.65700729206346
493.8288185116036, 592.8485580560674
453.76338033922923, 364.44661762632256
99.13678738788728, 240.4786077957193
123.20767068242957, 642.0917978348937
598.47923346238, 187.14116851270742
347.45389169003823, 122.4068726636463
347.58417912124185, 176.74229310813672
40.18567951764559, 595.8593322937155
138.03304191228634, 238.37148485510872
342.0030901369975, 530.9793340888094
151.80112375910826, 129.27356562879652
620.2312366668534, 244.83915971799863
431.0904053016734, 443.3969314553096
276.491547149511, 368.844325246989
525.5052662532363, 525.5294980363136
611.3587743501411, 372.17882936736135
682.0649110024134, 226.39986757842024
602.6440276687604, 569.6806656093332
35.8596393847768, 378.4610606597152
678.973636743292, 263.01814857235
97.06297440678861, 288.00256049477423
109.44732504714617, 119.52495891888289
89.35152795219217, 575.8491077921815
504.2761157722979, 566.3415851286176
596.6854512504403, 511.1341315972418
233.3552649807846, 404.272392473903
545.6577413240021, 580.8336959226482
410.3349501704926, 572.8503182251677
432.16324897007837, 566.4976596840429
484.30488133956226, 214.87926463216377
294.77279751132875, 88.34053980472974
662.2229095859235, 340.45134474321304
32.999329613770755, 673.6778771607106
574.6527234453769, 250.83679449781587
294.8902230230526, 350.6887099143822
301.1363099029045, 145.77256413202957
645.149990779867, 216.97687733222685
165.92045517237548, 216.18356111270995
467.3553895595461, 270.041814129321
297.92795756777184, 302.74068111544125
664.2846045698599, 224.1544971186903
555.6181934606478, 258.0530805073272
549.5609784468164, 578.6755069498133
271.5630826050706, 94.51817725647253
209.73902715787122, 662.5483193082292
695.9231424369747, 323.8370606038917
145.44339549403017, 377.33813709266457
387.69861940833687, 140.5369033459891
66.3315304363253, 359.4345266560215
541.1387865337518, 222.1608922445364
66.93186733916045, 204.83918193724932
565.4679335167086, 641.9877955354898
474.8622670358001, 610.9311500791345
541.6595662603925, 77.13744387380042
58.68031183120399, 38.26195192100426
362.5997398015108, 146.66153629223822
584.6656158255149, 167.59761110555928
619.473928368261, 11.76742513613303
252.47147762712572, 112.70461602018669
554.3975527035248, 680.7316622702398
597.7872159758931, 274.2043845864747
609.8289259224551, 579.8981802160075
200.69170898928525, 392.1779171012726
647.1439891693385, 97.6835884692908
657.552013710138, 586.0352396736903
518.1590503385863, 89.22590861552493
621.7505849333372, 397.53256890796854
430.3031339772581, 563.2706990113161
176.20649914005006, 122.81420742830538
361.69717428890465, 556.673854990513
693.74891540298, 325.8878074448076
145.72274822735878, 480.12327752330015
117.41975099125355, 212.64306347063854
591.2825884559418, 203.85848860911645
18.299622927464767, 22.836430961641195
274.7492452607505, 698.4213892079424
297.8723821726888, 428.1012307816233
520.518134251239, 636.1583749024958
490.597636476454, 429.4262702680332
120.66751935656448, 459.2168288897631
310.32872905173923, 420.4595911827332
213.1939762555831, 230.16305548036863
121.62094613003165, 317.8122711812742
192.3089889106907, 328.01529259782745
184.65175387003666, 254.41141914213065
377.08451101886726, 65.26065422939737
222.91925211430512, 407.08422574217843
574.4077073138892, 624.9048240548659
384.3751713960854, 333.03775502410224
567.6743399570674, 508.85655180161115
430.64058434688747, 219.87018855949253
592.5193193022055, 231.54131193228451
536.3714904812739, 97.7821013622524
326.8237613699904, 95.69517698976502
497.28449410988, 29.0899801275858
206.04194821571497, 558.6303261534395
568.9854992524727, 521.3728803283352
525.4004435311747, 73.80665501109758
506.3874996797226, 526.4764666568066
105.09775595027575, 48.997034957660475
462.9357947553564, 679.6590820690076
621.0201859746295, 273.27255609715917
489.6164596079142, 180.20873293006716
393.98023730040353, 86.47982164099149
283.1299992764077, 461.2528494228206
607.7005161228872, 495.23028190766394
637.3842323065805, 217.9274842314334
18.117670177879678, 253.4924573886259
388.51949531781537, 516.4190984677964
170.29518727296733, 221.51707676906227
413.90123774958715, 686.7420187560069
529.1937029056901, 412.4384535680242
142.85742672449808, 292.8811400586226
244.98837973687407, 488.57447849371454
208.19352825900035, 161.28946705374753
678.8596663298688, 95.32349068167244
372.9518543917931, 413.79558627975644
101.74754876356239, 482.7849733611906
211.36103137821706, 515.2166622341326
203.39094578511126, 595.0215237384023
236.00845505901103, 538.6810767071936
601.5208534154594, 503.7199525645091
310.0243505235305, 630.5830697088763
450.0036329272872, 684.2219251587021
174.71834380849378, 593.0520156699795
323.75996930884384, 415.13694684200334
45.534670303499354, 52.44134050603253
121.80164181107767, 446.4484243455728
240.97458290436683, 108.62174948724136
173.5986687503584, 151.50308798678918
681.0914869668907, 274.0602448490046
171.23466698377382, 255.30584244104688
681.2244984418315, 242.78007573808733
617.7803417559385, 621.0223687824565
644.3294442371862, 448.99593989504217
435.6908040040256, 170.73709156421532
193.4444355350353, 643.0007204641245
582.3144385406335, 514.4173795712354
37.22877517161865, 17.37522353591327
257.5503006890023, 656.5020902752208
393.4567033633989, 118.81257342234488
446.9494921472299, 377.197554751082
392.5075836711938, 158.8029099903414
199.08414718921173, 332.20491156675826
170.23693013596082, 566.6848946397675
529.6185470719547, 588.8360308638026
696.1548474929758, 274.0056851504995
10.2303191537665, 540.9865732998267
352.7083750735452, 443.3518792094583
413.14714523694107, 173.56411763086092
491.04999678328033, 640.8159294098114
419.26305973056026, 51.631055432965596
528.9750989778128, 66.97939425983976
685.1416047490297, 385.0176757385628
234.48980126495377, 614.6821463617916
220.33013952892503, 104.6574530037515
573.1163623151116, 373.46366588356045
301.11700645823333, 394.78607898595334
449.14329056629845, 356.93034391699763
80.09040585153772, 144.07573996018567
177.93367983713026, 213.3154584955946
109.14851309629475, 664.9564970529227
546.7510813037865, 321.6374696100489
109.76541222593083, 49.65952661749838
444.0170361508493, 11.224093525770337
248.85155948500486, 430.48034950495054
92.67337726204678, 259.915922218517
603.6211875599296, 625.5461540514873
83.66594165556059, 188.80613623590756
58.99460108866131, 70.6678034665128
256.2358118574224, 563.2974959921702
692.4331721230619, 283.2507336398249
369.2839603399687, 656.747234862948
252.501517810221, 542.3776745928919
459.54720385826045, 545.4471069193711
386.9089611302303, 677.515795152251
452.2750218595987, 608.895774740984
279.1555960390606, 311.4526628575972
375.17465927517213, 494.44678707797596
89.94402901192215, 359.9547839045623
189.8526608076021, 508.9751664370055
590.9330452274921, 384.0220981132316
647.8829951871328, 581.2030650683369
505.19219624760444, 374.7952215755595
363.5210805304485, 45.40941598153547
221.70473807529757, 73.26833590832567
390.42686574585, 697.8019673477611
353.9112615567595, 295.26158398216353
327.3450503417192, 71.6142519742425
607.7474592878618, 255.85644257592415
144.9373594039461, 490.3492825211026
247.61971088895964, 649.1281973039968
200.492068733018, 527.5032779988152
460.4103059878201, 169.30841407449614
604.8779387357152, 535.1340399717504
171.49267678217427, 21.78044342144667
183.6480051329044, 115.48204695491033
479.32188331067164, 529.0265766359713
196.68109625987313, 127.004228278768
634.5671360422097, 43.995788460618364
349.7223401454182, 174.19496761338382
142.87208051157268, 135.8231867578362
618.7315694933079, 637.563055431138
593.9367740500418, 596.6276466779514
432.6153978736006, 292.179434412017
282.6613912289432, 583.5556885670552
278.81838839746337, 401.25565409763806
294.6358906504888, 165.53480646626136
362.99150492242956, 484.56444289215216
467.5930904468888, 507.1103007797766
652.9652686792151, 429.6581779787468
161.42199527882002, 393.47407935468493
404.2442007979677, 633.7121952765323
156.25762113246307, 307.3333681215976
647.9541617349927, 663.9509125861109
389.5753623454246, 390.5844696327507
656.598543602888, 672.9775156886396
309.48331943177493, 289.9995277926282
106.47915089384409, 35.621616678716094
435.2659506781871, 520.4879684563855
376.7104560321907, 248.23786394858183
243.935716930218, 70.86591429108165
607.2847464567045, 55.88330723730358
317.17892185178323, 196.66047934660446
274.65914470447996, 586.5833135202345
87.89000163611195, 434.650138296261
609.2757595119888, 564.7106350555126
360.68649140125103, 501.67127733125216
685.5198967770996, 541.2550049456644
10.608610311033777, 526.7987919597583
178.78699398067783, 49.5062923627233
38.95780857984411, 607.5904538242635
569.2626914204737, 297.775930715602
14.766408137974741, 521.2404435080309
337.21841980286547, 260.2796796204248
134.8294130320126, 653.6587131471473
250.47987354388835, 167.06900212528072
252.6771227421566, 247.00024970242387
550.1762197312197, 158.3518432582399
525.8867015191714, 530.0707061666759
133.23009588467625, 591.9293850946457
521.3579535954541, 84.23388392974098
660.2598101697491, 293.61533634524386
499.3720009833036, 83.1984744337261
543.8989668547725, 144.89074086580837
474.25978761355515, 571.7275512897944
86.12975161654464, 10.829099202302041
68.19565774155336, 150.32765828329323
693.8321217836983, 208.72340248857813
454.85309946794206, 529.8528266976252
302.17206207918997, 426.1654101723547
246.93315268000526, 385.4505693076889
404.56610486409585, 591.2435785961743
683.5331635532162, 374.43596133583327
490.6163726695784, 117.33842738722204
416.5898864282896, 172.92774744849038
522.5721806768023, 62.516567094466126
295.3346413719468, 236.06805045201367
492.10451566979964, 459.53531588770664
112.7407809476302, 397.92289771796663
389.8815063938287, 505.0201994867068
460.70349237873353, 159.67565622204458
468.96870386081264, 302.835073028092
656.1921787966412, 25.29233822103118
101.40446167711953, 498.4617729950401
164.03864007519167, 370.5749986410124
561.2635169154013, 411.44109872074944
180.30780882020554, 351.10635632622655
147.36826782393626, 625.1882008968007
406.2450095013262, 672.1218319929875
177.27697314072725, 486.23172359161794
219.92549154995282, 237.8311390258224
256.0625168270052, 640.5787609653878
158.99735878870294, 459.6469845470145
120.57677865906555, 612.67226395762
430.1227198501573, 346.5248590163988
641.2051564511695, 162.67703986709554
445.97022474092705, 79.2207397026124
509.04744973953746, 641.0911082533893
685.187225973427, 126.57555818586678
138.80104983523393, 691.7387328953502
553.3538095698676, 212.58970596797172
536.4274952411012, 259.6515938152136
56.00593791287265, 584.2097288761096
652.3612112426272, 266.163659249594
138.4285586263564, 94.1690005540439
620.9914831030117, 44.83332804984005
55.337746424364326, 140.98619384675226
529.1174392067205, 31.394084884548768
628.5329002747281, 416.87228347474195
349.2612039372356, 68.25615888531425
569.1828908576647, 534.5858239330444
646.4889961842962, 520.0609261613904
647.1953524148548, 70.96807143483922
321.9282162211868, 263.71238813271094
312.0285857569459, 691.0516830000585
321.94508253671637, 240.66874952677423
477.81255845864564, 348.3883846853443
69.673295233393, 660.2353785255251
87.38568793652722, 324.33154247259915
675.5289174981077, 562.0999971451466
511.11672318962724, 60.509572021393964
474.85296047709744, 202.9776761501643
253.26561105173323, 661.099903707378
565.4672329307289, 534.7430427350353
114.04654408189029, 184.2431803541521
307.4627283219234, 318.18360760683584
366.92639928647344, 511.71711471098837
512.5090454919507, 513.7834149107056
486.37350065301126, 55.3467212884494
503.2888079536686, 620.4839393403867
37.05008687824443, 75.43860002722293
267.1863505199551, 97.36846871501004
431.8145211084147, 292.9837889719154
239.30446720430027, 694.733706662976
302.3924155236634, 13.292396889145232
397.36379993357303, 245.192553163104
670.4068363203826, 691.4619194897348
554.1521138937537, 255.48759087394487
265.70109387833406, 683.4605694264369
60.23275411119949, 431.9502231698441
127.17499798896249, 92.71747880947544
644.5996754918781, 686.4776697295675
559.9307024318099, 499.14325393808946
625.0864302833287, 650.8074196717716
644.8113879467585, 594.5621389529358
645.5088506048414, 119.81802851102788
49.73273573869668, 47.88901958671555
122.40077958982613, 229.33674210170457
178.67974195466837, 167.06520552154078
556.5899946017734, 592.6744466822107
91.45396984873396, 34.348618688242055
449.03159107942014, 176.3337942787487
59.6621248224478, 246.4543218282984
249.70978068623594, 418.98515364867814
232.97155996574938, 478.5543017008922
451.6403976965181, 223.39313383704405
103.1101045483415, 139.92622066641462
83.43123182192052, 82.52155709012312
589.1440653287925, 517.9758743222067
643.8033240796562, 282.3572826737701
156.6362210159844, 487.7816740247344
556.4913054941358, 534.0127490431306
629.4629383689143, 36.23749619326818
296.69715768336243, 470.86342626164236
244.54102257963328, 503.15183387062507
306.10238797515336, 26.829371996702072
454.7433589313409, 304.01894328943234
613.6910482037505, 275.3805163938576
219.7233058760237, 673.3341448314194
347.5667860434685, 637.1716438257138
113.64811265451277, 669.0211575736533
506.4463555881665, 163.98037508529086
345.3932925012661, 686.0492715501633
553.0238813745731, 277.08433395738683
123.5437877220148, 557.6979897419652
147.4533569965318, 318.76765293954196
492.902330424327, 646.9414366042679
191.32863220152242, 509.848464231068
365.9862538582197, 298.3756164456417
690.8272071057208, 226.59815528065278
468.2642156086109, 356.81261346582755
128.2396384195471, 107.50909063088056
135.93216342137077, 167.26404931705528
660.1503025576935, 437.82419971720606
430.9200110024295, 56.58995412520641
297.97366255270293, 81.21497665324594
433.0258408742593, 322.5151406540513
489.1388185637037, 298.36703254451476
211.78199599311796, 212.5429413367496
347.7898427093905, 533.3735968557176
75.96189916409749, 352.03543132125736
160.90331881304974, 499.51802678352834
64.12294869655432, 436.8507003285036
84.42400146304882, 396.7436804947627
612.4242564250186, 554.7075911041028
448.6402606229654, 520.1808360720865
431.9896084540005, 32.35359498924291
462.94513241383703, 102.83047173324748
637.1821231088952, 313.37714502899416
508.59406659591116, 174.23531062879653
690.615978680973, 380.91193399911043
234.20501424097057, 501.72617937303824
230.55617130389393, 342.08770408948146
291.43648912566397, 426.5734756097041
242.5520235190372, 404.4196182210114
222.91394285060017, 229.50563032252256
128.89009874040545, 418.08976240933174
158.92399258587588, 490.0657649552467
679.6083059452613, 114.18601615330434
659.2174907468697, 265.4614218177055
81.73447375516943, 109.08980762952042
124.3073528407295, 318.1151041319402
319.14238850235097, 94.73457794380823
172.33998677795697, 550.6036619225056
619.4963679394987, 354.15814419860243
675.7492070505547, 303.1998469671914
452.83874264642947, 609.6571637513096
210.14435258437823, 136.50357079429972
451.6510821456489, 466.1771116665334
43.3386692378203, 79.48714539325857
80.00525342446053, 309.94718505800614
646.1352254956246, 83.56916707844678
351.36557691121294, 557.686931805369
36.55662873902317, 287.21572039437905
537.3470858180177, 212.46907902208326
147.28459574341582, 642.4607803362156
300.5812115733758, 560.5353863709684
46.918988729373154, 552.8165215929545
641.8356140147712, 137.62013300510867
157.3652013289823, 306.9345468989527
415.89499745320705, 138.46421132366854
292.1866464643137, 267.4676747435761
249.13200133677205, 256.32258428374723
353.81174694825853, 444.58145882649865
666.5065682403881, 130.0573084000119
429.34640322569084, 77.48858355605951
148.27595702743986, 83.89049145954318
54.23981822592564, 242.45534962828032
596.2132303801537, 625.2543957438937
288.3757236736985, 338.1576516374158
289.52239429333184, 68.3526552440479
463.3374540865824, 425.8120578001842
444.90339514031524, 413.12047149254585
327.4927938481877, 395.57546504114543
215.43755994343226, 549.8054945559278
658.5307051251315, 565.2669022393546
90.46619194467341, 167.35044227811198
455.58800044446343, 51.585422607401924
680.4478966825251, 431.74172736038327
645.8113457275144, 51.34329966074261
347.7816199907242, 218.2449988317923
303.38257550806475, 620.8810750855015
183.8049759985726, 190.5467889928638
679.7196651756806, 178.1742417282174
517.4411240947867, 413.4728740408149
397.6714158660412, 51.0148834928182
556.6038556524268, 616.7817147457071
665.326768248586, 661.3533852652755
668.7238063916651, 146.0862071861598
655.5725724144997, 499.0787666170071
46.56083916262145, 431.1685616728512
212.28286145825825, 611.8140405882341
451.8671226973144, 313.950453268688
370.47299325572396, 586.7148526632578
268.0410828042196, 239.66946661828672
202.21654748192188, 632.0895195694912
368.2248772892592, 688.3309882596599
201.18545305011241, 595.3632555924976
86.58798122847159, 141.00265667111492
21.108435854824393, 664.318158894506
314.0068245555464, 69.37961985113421
261.2132143411136, 139.52571822472592
157.3928412758786, 689.608185434427
38.3084898505121, 93.7328446419241
564.3915025898588, 598.4626090019746
161.81983978091282, 32.3424151707022
307.38152299758474, 34.31047508752516
609.4744724587805, 167.67407149605415
378.9736363350261, 72.30765836378745
153.23893606316878, 697.8146355671869
615.3339339834002, 484.5916092368714
207.62051904521445, 619.787053992041
317.93637393619423, 126.80083807674806
426.66524231087715, 542.7084705521237
30.9183039557488, 427.3909048224916
159.61574286274222, 562.270184901302
660.1555540601325, 435.06878306168085
409.5146098310084, 143.2451673551174
471.0759222730646, 508.62028808159624
103.40103681978535, 123.76177873975072
471.2940819621651, 50.51945271797788
692.2274300879714, 303.3111706137461
468.664878694351, 671.0444389022173
109.85998226221841, 571.3638015769163
99.30782119850865, 585.0079742295657
44.36214352429853, 523.0224817362572
45.28543475480017, 220.38357204885162
655.0559743640855, 155.48497757100523
528.0120817614126, 468.86541264023356
79.091137379917, 52.632216809771855
605.6947054195931, 77.61711514858528
212.0887502243192, 622.3635536207389
597.1124709329973, 321.04545904039435
351.71320106946087, 481.58863006920353
329.38024632004783, 251.41674679261192
544.2192725138132, 230.6574885437189
376.53791109269605, 143.74270213970337
648.6223042099175, 56.64335861474472
68.12225885328863, 116.70284765913219
164.86013956351414, 361.17195789139794
238.93374967130342, 210.51074498809152
104.38757607735201, 168.00819086529276
437.15964451306183, 102.48419280088044
568.0017083584985, 624.6994627603458
158.28095562208287, 440.11568545699976
296.76855608587, 191.18532886374996
519.2638662860218, 511.82866556530337
378.52877722098725, 307.63554364682795
562.7841286839478, 445.2025505372599
615.3155883298067, 130.2575688104287
503.04113005864986, 204.45526281687643
43.922981274749084, 284.5808842123252
221.96901072670715, 198.2318422149966
63.065629579396905, 295.4209786194247
41.47283477066876, 117.07796709435453
212.492224410859, 331.83667568061145
197.10566765806712, 547.5404470702658
450.6821882142598, 139.59573453056498
206.41785605005106, 679.7563629657099
477.2937263218476, 268.09025141370813
421.2078343448001, 395.3155696126682
168.1838053041258, 315.27108852549713
99.81482815862391, 148.70288941303997
322.9955009459267, 395.32667038336933
381.65037880018366, 373.1144421839809
215.7494402764928, 182.66688651523836
534.0590614213676, 17.243734939315683
378.2914476647633, 599.0619743897781
582.9772720091937, 520.6400476837647
385.1677691285447, 478.9705786438699
394.973500087891, 465.1898552230203
186.86562056290086, 97.04991280506476
625.5959543873655, 596.0789571723692
230.50055754331444, 345.7492217650757
116.13386935194507, 509.7757808637574
322.6971842736074, 135.6093770186809
585.6299538162419, 657.3027746948417
668.122136937017, 139.82618444726307
470.0717370224249, 395.86936156342796
155.73509965608574, 361.48731869318675
340.75452944223787, 307.11013102042614
391.53230696538276, 210.33722547682092
191.3110476335053, 40.63800017351964
240.0453612090184, 320.71188095332144
347.85278048100463, 27.81069211012259
102.85536218847203, 82.18081279395552
55.756472638129246, 475.26510230145396
526.3158063595985, 436.39651480725763
258.5066809305987, 549.9414749855895
476.6877893519854, 308.05393216294084
266.05246436706517, 320.39150248236825
421.1214717149967, 300.9315723740398
340.13293521281975, 345.6393743031964
590.1086737661375, 652.4043300954969
633.6589352363626, 11.338875761364683
80.0175303693187, 139.01899753016642
686.7762955787732, 662.7196810165194
151.9534502700204, 478.7348074784911
310.92497176245536, 460.2597007998928
257.41707207834753, 216.1137570466383
127.96333074560691, 374.7379346631913
678.7488828169907, 424.5081313126168
279.03655156516373, 402.6132038485332
263.6890525072787, 145.9615323224775
84.23962248362507, 301.5427238906969
142.85811095574516, 62.94408827393481
202.45690742703832, 110.71913029966558
15.973687790951198, 333.684646959425
590.2723549911893, 128.5562706517791
438.813210754736, 383.30896538783395
690.2347089887343, 646.5603469332646
394.555114740421, 454.34262504800654
585.39082975535, 669.8652016091919
77.29716650543513, 113.61716357174548
224.26714957871494, 281.5165840856242
339.5166260848024, 271.4503495502711
557.3281756227748, 519.7270386403987
174.58662964533661, 61.032884230427165
111.53069036110601, 344.04784883786436
388.9104138488713, 176.10858037644337
86.48656601001045, 162.78843360799212
224.01648663702602, 502.6282117393646
429.6477077271638, 461.71294532251216
188.40432076002543, 532.6947861248109
657.8000743016222, 574.9828452105394
263.2266484707241, 135.64616370366664
563.5472520490359, 291.94325799538257
183.31510031160295, 55.0690499649693
613.5760864488049, 368.79334607359436
358.53490806899913, 16.269582735662475
202.65263511062636, 189.5817472425359
502.53060196875646, 462.14363509791156
315.6118185663151, 272.8222195786372
212.24941686349436, 616.9074644351781
213.0420191482162, 582.3142936449345
583.5864945334874, 684.5818472877212
302.5909625119709, 483.42396251523905
364.73833603121363, 529.8196662767456
268.4216852252388, 269.3913081016964
610.8763060966111, 48.107738179104835
688.5146470364775, 231.63538422835612
151.3227776343243, 582.2889617448319
556.6567269038932, 337.8564878790258
42.23851891365744, 697.050127841396
619.566676696786, 288.9228591524653
482.16445629544984, 228.49058270245726
632.7770950996461, 612.942158970986
87.35019861801196, 578.0033247990526
81.87462070756864, 155.73895694938219
258.99976464744975, 384.96877944996913
51.189890471196136, 146.36519386956982
446.77784348713897, 427.4637004424402
127.72828420191478, 602.9849819606343
195.62932469532325, 563.7245973447565
175.54329058439484, 412.5453232594791
393.39820961261336, 42.4406613490381
501.0353947157679, 676.4298179527667
512.9523352745064, 243.72697363882747
630.7835531476761, 312.1306831295076
470.4170293247217, 281.5585548856136
610.9032553970624, 452.26980594000247
477.10983777328937, 474.72795010045616
107.67641071465708, 48.96566794970422
473.52036434126524, 513.9022905076437
455.7678930791495, 31.233291796185817
495.06463490599975, 41.196990357513464
171.54630998214247, 566.4976071798285
455.77440586392305, 694.04434397872
660.2718075788528, 530.9935568083401
641.7465566039019, 525.182638412457
214.388391992124, 574.7771577325154
194.3718140981513, 99.78200169897406
628.2675334154017, 656.9377189101585
152.3231591626885, 385.20462969773615
678.5037357842488, 100.78565561648792
320.8654650850727, 591.6523577269892
371.71386426309897, 316.3166405581983
484.80185659870864, 260.2091595202213
563.4318105270191, 565.8362506797463
492.2096291539973, 58.950670108840235
495.5504502942421, 304.9347611359486
139.61631091071226, 233.06403429728425
12.700687226401921, 653.2805851587491
612.1183980095484, 405.64499630980396
198.3745770974647, 42.23110142615181
581.742035108519, 542.6179301634559
239.1922709008948, 427.54147698767264
268.223893087654, 348.4404957493492
492.6334388129305, 406.12933600660574
451.7710191974525, 452.7654860431295
161.37032349779977, 266.3862565395947
249.8068336919334, 348.5734668781181
429.5598516849073, 204.92569565691704
290.6761597842656, 176.4147575015236
431.763876760855, 598.3297933933515
493.1407541977517, 176.39787580518131
593.2179354691046, 579.4419743620276
570.7871546217582, 682.5087319113871
601.5952626781965, 230.52523489829792
324.6376084379077, 376.527136720181
482.4348446593372, 437.1341071548065
553.2670203445855, 300.51799236896085
661.1604418250138, 421.1317291584239
470.52509971873275, 90.6733507790366
281.2680910732326, 287.32257305767337
402.7211716769144, 246.87463580373682
517.0277760107394, 117.9894619844848
595.8215556552182, 209.52613581951607
110.77455114977587, 194.3419102724152
546.9613378172842, 572.3391666956348
88.16793056350868, 429.4996820607543
348.222754905051, 550.7146074960924
23.114114229402862, 514.2681266866857
49.19576429120998, 224.83986497648561
290.5936167244652, 357.51145000599683
259.5938212228513, 500.25352806489406
233.84998524776313, 690.3234001083675
254.45357375983858, 67.4200036376169
467.8255366718008, 55.94651692213269
464.283358946357, 87.05955071563228
294.01057795548195, 269.5087739564269
86.9945548957594, 306.56964605585887
212.33738437678466, 609.8048477028775
426.3127190566608, 116.83364196207188
